1111111111111111111111111111111111111111111111111111111111111111111111111111111111111111111111111111111111
1111111111111111111111111111111111111111111111111111111111111111111111111111111111111111111111111111111111
1111111111111111111111111111111111111111111111111111111111111111111111111111111111111111111111111111111111
1111111111111111111111111111111111111111111111111111111111111111111111111111111111111111111111111111111111
1111111111111111111111111111111111111111111111111111111111111111111111111111111111111111111111111111111111
1111111111111111111111111111111111111111111111111111111111111111111111111111111111111111111111111111111111
1111111111111111111111111111111111111111111111111111111111111111111111111110000000000011111111111111111111
1111111111111111111111111111100000000111111111111111111111111111111111100000000000000000111111111111111111
1111111111111111111111111110000000000000111111111111111111111111111100000000000000000000001111111111111111
1111111111111111111111111000000000000000011111111111111111111110000000000000000000000000000111111111111111
1111111111111111000000110000000000000000000111111111111111110000000000000000000000000000000011111111111111
1111111111111110000000010000000000000000000011111111111111000000000000000000000000000000000001111111111111
1111111111111100000000000000000000000000000011111111000000000000000000000000000000000000000000111111111111
1111111111111100000000000000000000000000000001000000000000000000000000000000000000000000000000011111111111
1111111111111000000000000000000000000000000000000000000000000000000000000000000000000000000000011111111111
1111111111111000000000000000000000000000000000000000000000000000000000000000000000000000000000001111111111
1111111111110000000000000000000000000000000000000000000000000000000000000000000000000000000000001111111111
1111111111110000000000000000000000000000000000000000000000000000000000000000000000000000000000000111111111
1111111111100000000000000000000000000000000000000000000000000000000000000000000000000000000000000111111111
1111111111100000000000000000000000000000000000000000000000000000000000000000000000000000000000000111111111
1111111111100000000000000000000000000000000000000000000000000000000000000000000000000000000000000111111111
1111111111100000000000000000000000000000000000000000000000000000000000000000000000000000000000000111111111
1111111111100000000000000000000000000000000000000000000000000000000000000000000000000000000000000111111111
1111111111100000000000000000000000000000000000000000000000000000000000000000000000000000000000000111111111
1111111111100000000000000000000000000000000000000000000000000000000000000000000000000000000000001111111111
1111111111100000000000000000000000000000000000000000000000000000000000000000000000000000000000001111111111
1111111111000000000000000000000000000000000000000000000000000000000000000000000000000000000000001111111111
1111111111000000000000000000000000000000000000000000000000000000000000000000000000000000000000011111111111
1111111110000000000000000000000000000000000000000000000000000000000000000000000000000000000000011111111111
1111111110000000000000000000000000000000000000000000000000000000100000000000000000000000000000111111111111
1111111110000000000000000000000000000000000000010000000000000000000000000000000000000000000000111111111111
1111111110000000000000000000000000000000000000000000000000000000000000000000000000000000000000111111111111
1111111110000000000000000000000000000000000000000000000000000000000000000000000000000000000000011111111111
1111111110000000000000000000000000000000000000000000000000000000000000000000000000000000000000011111111111
1111111110000000000000000000000000000000000000000000000000100000000000000000000000000000000000001111111111
1111111110000000000000000000000000000000000100000100010100010000000010000000000000000000000000001111111111
1111111110000000000000000000001000000000000000000100101001000000000000000000000000000000000000001111111111
1111111110000000000000000000000000000000000000000000001000010000000000000000000000000000000000000111111111
1111111110000000000000000000000000000000000000000000000000001000000010000000000000000000000000000111111111
1111111110000000000000000000000000000000001010000000010000000000000000000000000000000000000000000011111111
1111111110000000000000000000000000000000000000000000000000100000000000000000000000000000000000000011111111
1111111110000000000000000000000000000000000100000000001100000000010000000000000000000000000000000011111111
1111111110000000000000000000000000000010000100000010000001000000000000000000000000000000000000000011111111
1111111110000000000000000000000000000000000010110010000000000000000000000000000000000000000000000011111111
1111111110000000000000000000000000000000010000000000000000000000000000000000000000000000000000000011111111
1111111111000000000000000000000000000000000000000000000000000000000000000000000000000000000000000001111111
1111111111000000000000000000000000000000000000000000000000000000000000000000000000000000000000000001111111
1111111111000000000000000000000000000000000000000000000000000000000000000000000000000000000000000001111111
1111111111100000000000000000000000000000000000000000000000000000000000000000000000000000000000000001111111
1111111111100000000000000000000000000000000000000000000000000000000000000000000000000000000000000011111111
1111111111110000000000000000000000000000000000000000000000000000000000000000000000000000000000000011111111
1111111111110000000000000000000000000000000000000000000000000000000000000000000000000000000000000011111111
1111111111110000000000000000000000000000000000000000000000000000000000000000000000000000000000000011111111
1111111111110000000000000000000000000000000000000000000000000000000000000000000000000000000000000011111111
1111111111110000000000000000000000000000000000000000000000000000000000000000000000000000000000000111111111
1111111111111000000000000000000000000000000000000000000000000000000000000000000000000000000000000111111111
1111111111111000000000000000000000000000000000000000000000000000000000000000000000000000000000000111111111
1111111111111100000000000000000000000000000000000000000000000000000000000000000000000000000000001111111111
1111111111111110000000000000000000000000000000000000000000000000000000000000000000000000000000011111111111
1111111111111111000000000000000000000000000000000000000000000000000000000000000000000000000000011111111111
1111111111111111111000000011111111110000000000000000000000000001100000000000000000000000000000111111111111
1111111111111111111111111111111111111000000000000000000000000011111000000000000000000000000001111111111111
1111111111111111111111111111111111111100000000000000000000000111111111000000000000000000000111111111111111
1111111111111111111111111111111111111111000000000000000000000111111111111111111110000000011111111111111111
1111111111111111111111111111111111111111100000000000000000001111111111111111111111111111111111111111111111
1111111111111111111111111111111111111111111000000000000000111111111111111111111111111111111111111111111111
1111111111111111111111111111111111111111111111000000000001111111111111111111111111111111111111111111111111
1111111111111111111111111111111111111111111111111111111111111111111111111111111111111111111111111111111111
1111111111111111111111111111111111111111111111111111111111111111111111111111111111111111111111111111111111
